780,36
780,35
0,395
0,318
0,315
0,313
788,5
788,4
787,5
787,4
786,4
785,5
785,4
784,4
783,4
0,312
782,4
788,3
788,2
788,1
788,0
787,3
787,2
787,1
787,0
786,3
786,2
786,1
786,0
785,3
785,2
785,1
785,0
784,3
784,2
784,1
784,0
783,3
783,2
783,1
783,0
782,3
782,2
782,1
782,0
781,3
781,2
781,1
781,0
776,3
775,4
775,2
775,0
775,1
775,3
774,4
774,2
774,0
774,1
774,3
773,4
773,2
773,0
773,1
773,3
0,278
772,2
772,0
772,1
772,3
0,492
0,273
0,270
0,565
0,454
3,2
3,1
3,3
10,120
10,220
10,114
10,216
10,276
10,64
10,260
10,296
11,8
11,12
11,14
8,5
8,10
8,6
8,17
8,1
8,4
8,2
8,3
0,469
2,2
2,1
2,3
743,2
743,1
743,0
742,3
742,2
742,1
742,0
495,6
495,5
495,4
495,3
495,2
495,1
495,0
494,5
494,4
494,3
494,2
494,1
494,0
493,8
493,7
493,6
493,5
493,4
493,3
493,2
493,1
20,3
20,2
20,1
19,3
19,2
19,1
18,3
18,1
14,23
14,14
14,2
14,0
13,4
13,0
12,3
12,2
12,1
11,27
11,26
11,25
11,23
11,21
11,19
11,18
11,17
11,16
11,15
11,11
11,9
11,7
11,6
11,5
11,4
11,3
11,2
11,1
10,307
10,305
10,302
10,295
10,293
10,291
10,290
10,289
10,261
10,255
10,253
10,251
10,245
10,239
10,197
10,193
10,178
10,158
10,155
10,137
10,131
10,130
10,129
10,128
10,127
10,125
10,121
10,109
10,103
10,31
10,30
10,22
10,17
10,11
10,3
