44,13
44,2
44,0
44,1
44,3
62,14
30,1
30,3
33,1
33,3
42,1
42,3
28,1
28,3
0,273
0,270
27,1
27,3
14,5
106,35
10,137
10,95
10,297
10,241
10,193
10,249
10,229
10,221
10,2
10,3
11,7
11,9
11,11
11,5
11,2
9,7
9,2
9,3
8,15
8,5
8,17
8,18
12,2
12,1
12,3
14,1
14,7
14,3
13,1
13,3
2,3
100,4
100,3
100,2
100,1
100,0
99,3
99,2
99,1
99,0
79,4
79,3
79,2
79,1
79,0
77,4
77,3
77,2
77,1
77,0
75,4
75,3
75,2
75,1
75,0
73,4
73,3
73,2
73,1
73,0
71,4
71,3
71,2
71,1
71,0
70,4
70,3
70,2
70,1
70,0
68,4
68,3
68,2
68,1
68,0
66,4
66,3
66,2
66,1
66,0
64,4
64,3
64,2
64,1
64,0
62,11
62,10
62,9
62,8
62,7
62,6
62,5
62,4
62,3
62,2
62,1
62,0
61,4
61,3
61,1
60,5
60,4
60,3
60,2
60,1
58,4
58,3
